4871.4582
4826.40345
4824.324
4824.324
4824.324
4823.63085
4823.63085
4823.63085
4823.63085
4823.63085
4820.1651
4807.6884
4702.3296
4581.02835
4568.55165
4507.55445
4484.6805
4434.08055
4381.40115
4375.85595
4363.37925
4310.0067
4300.99575
4300.99575
4300.99575
4300.99575
4300.99575
4300.99575
4300.99575
4300.99575
4300.99575
4300.99575
4262.8725
4238.61225
4215.04515
4160.97945
4147.11645
4090.27815
4081.96035
4067.4042
4061.16585
4059.0864
4054.9275
4052.84805
4052.84805
4052.84805
4052.84805
4052.84805
4052.84805
4052.84805
4052.84805
4052.84805
4052.84805
4052.84805
4052.84805
4052.84805
4052.84805
4052.84805
4052.84805
4052.84805
4052.84805
4052.84805
4052.84805
4052.84805
4052.84805
4049.3823
4048.68915
4048.68915
4039.6782
4021.6563
3998.78235
3953.03445
3953.03445
3953.03445
3953.03445
3953.03445
3953.03445
3953.03445
3953.03445
3953.03445
3953.03445
3953.03445
3953.03445
3819.94965
3819.94965
3819.94965
3819.94965
3819.94965
3819.94965
3819.94965
3819.94965
3819.94965
3805.3935
3723.6018
3678.54705
3659.13885
3593.2896
3548.23485
3540.6102
3535.065
3464.3637
3356.92545
3305.63235
3305.63235
3304.9392
3304.24605
3300.7803
3300.7803
3297.31455
3286.22415
3277.90635
3267.5091
3183.63795
3099.7668
3076.1997
3061.64355
2981.23815
2927.8656
2918.85465
2871.0273
2735.1699
2699.1261
2676.9453
2595.1536
2546.6331
2542.4742
2532.7701
2511.9756
2496.7263
2471.07975
2459.2962
2451.67155
2451.67155
2451.67155
2451.67155
2451.67155
2451.67155
2451.67155
2449.5921
2418.40035
2356.01685
2344.92645
2344.92645
2344.92645
2344.92645
2344.92645
2344.92645
2344.92645
2344.92645
2344.92645
2344.92645
2341.4607
2254.1238
2251.3512
2139.0609
2132.1294
2112.02805
2069.7459
2068.3596
2064.89385
2062.8144
2062.12125
2048.25825
2042.71305
2013.60075
1925.5707
1922.10495
1878.4365
1872.8913
1870.81185
1863.1872
1861.8009
1859.72145
1849.3242
1847.9379
1841.0064
1839.6201
1837.54065
1836.8475
1836.8475
1836.8475
1836.8475
1836.8475
1836.8475
1836.8475
1836.8475
1836.8475
1836.8475
1836.8475
1836.8475
1836.8475
1836.8475
1836.8475
1836.8475
1836.8475
1836.8475
1836.8475
1836.8475
1762.68045
1758.52155
1758.52155
1758.52155
1758.52155
1758.52155
1758.52155
1758.52155
1758.52155
1758.52155
1758.52155
1758.52155
1758.52155
1758.52155
1758.52155
1758.52155
1758.52155
1758.52155
1758.52155
1758.52155
1758.52155
1749.5106
1667.7189
1657.32165
1565.82585
1529.78205
1426.5027
1296.1905
1143.00435
1133.30025
1133.30025
1133.30025
1133.30025
1133.30025
1133.30025
1133.30025
1133.30025
1133.30025
1133.30025
1133.30025
1133.30025
1133.30025
1133.30025
1133.30025
1133.30025
1133.30025
1133.30025
1133.30025
1133.30025
1133.30025
1133.30025
1133.30025
1133.30025
1133.30025
1133.30025
1133.30025
1133.30025
1133.30025
1133.30025
1133.30025
1133.30025
1133.30025
1133.30025
1133.30025
1133.30025
1133.30025
1133.30025
1133.30025
1133.30025
1133.30025
1133.30025
1133.30025
1133.30025
1133.30025
1133.30025
1133.30025
1133.30025
1133.30025
1133.30025
1133.30025
1133.30025
1133.30025
1133.30025
1133.30025
1133.30025
1133.30025
1133.30025
1133.30025
1133.30025
1133.30025
1133.30025
1133.30025
1133.30025
1133.30025
1133.30025
1133.30025
1133.30025
1133.30025
1133.30025
1133.30025
1133.30025
1133.30025
1133.30025
1133.30025
1133.30025
1133.30025
1133.30025
1133.30025
1133.30025
1133.30025
1133.30025
1133.30025
1133.30025
1133.30025
1133.30025
1133.30025
1133.30025
1133.30025
1133.30025
1133.30025
1133.30025
1133.30025
1133.30025
1133.30025
1133.30025
1133.30025
1133.30025
1133.30025
1133.30025
1133.30025
1133.30025
1133.30025
1133.30025
1133.30025
1133.30025
1133.30025
1133.30025
1133.30025
1133.30025
1133.30025
1133.30025
1133.30025
1133.30025
1133.30025
1133.30025
1133.30025
1133.30025
1133.30025
1133.30025
1133.30025
1133.30025
1133.30025
1133.30025
1133.30025
1133.30025
1133.30025
1133.30025
1133.30025
1133.30025
1133.30025
1133.30025
1133.30025
1133.30025
1133.30025
1133.30025
1133.30025
1133.30025
1133.30025
1133.30025
1133.30025
1133.30025
1133.30025
1133.30025
1133.30025
1133.30025
1133.30025
1133.30025
1133.30025
1133.30025
1133.30025
1133.30025
1133.30025
1133.30025
1133.30025
1133.30025
1133.30025
1133.30025
1133.30025
1133.30025
1133.30025
1133.30025
1133.30025
1133.30025
1133.30025
1133.30025
1133.30025
1133.30025
1133.30025
1133.30025
1133.30025
1133.30025
1133.30025
1133.30025
1133.30025
1133.30025
1133.30025
1133.30025
1133.30025
1133.30025
1133.30025
1133.30025
1133.30025
1133.30025
1133.30025
1133.30025
1133.30025
1133.30025
1133.30025
1133.30025
1133.30025
1133.30025
1133.30025
1133.30025
1133.30025
1133.30025
1133.30025
1133.30025
1133.30025
1133.30025
1133.30025
1133.30025
1133.30025
1133.30025
1133.30025
1133.30025
1133.30025
1133.30025
1133.30025
1133.30025
1133.30025
1133.30025
1133.30025
1133.30025
1133.30025
1133.30025
1133.30025
1133.30025
1133.30025
1133.30025
1133.30025
1133.30025
1133.30025
1133.30025
1133.30025
1133.30025
1133.30025
1133.30025
1133.30025
1133.30025
1133.30025
1133.30025
1133.30025
1133.30025
1133.30025
1133.30025
1133.30025
1133.30025
1133.30025
1133.30025
1133.30025
1133.30025
1133.30025
1133.30025
1133.30025
1133.30025
1133.30025
1133.30025
1133.30025
1133.30025
1133.30025
1133.30025
1133.30025
1133.30025
1133.30025
1133.30025
1133.30025
1133.30025
1133.30025
1133.30025
1133.30025
1133.30025
1133.30025
1133.30025
1133.30025
1133.30025
1133.30025
1133.30025
1133.30025
1133.30025
1133.30025
1133.30025
1133.30025
1133.30025
1133.30025
1133.30025
1133.30025
1133.30025
1133.30025
1133.30025
1133.30025
1133.30025
1133.30025
1133.30025
1133.30025
1133.30025
1133.30025
1133.30025
1133.30025
1133.30025
1133.30025
1133.30025
1133.30025
1133.30025
1133.30025
1133.30025
1133.30025
1133.30025
1133.30025
1133.30025
1133.30025
1133.30025
1133.30025
1133.30025
1133.30025
1133.30025
1133.30025
1133.30025
1133.30025
1133.30025
